
mean_priznaky =

    1.5016    0.5703   -0.5782   -0.8665   -0.2913   -0.0928   -0.2767   -0.1319   -0.3026   -0.2665   -0.1108   -0.0390   -0.0578
    1.5016    0.5703   -0.5782   -0.8665   -0.2913   -0.0928   -0.2767   -0.1319   -0.3026   -0.2665   -0.1108   -0.0390   -0.0578
    1.5016    0.5703   -0.5782   -0.8665   -0.2913   -0.0928   -0.2767   -0.1319   -0.3026   -0.2665   -0.1108   -0.0390   -0.0578


var_priznaky =

    1.7448    0.2294    0.2884    0.2020    0.0420    0.0620    0.1028    0.0230    0.0137    0.0298    0.0173    0.0076    0.0085
    1.7448    0.2294    0.2884    0.2020    0.0420    0.0620    0.1028    0.0230    0.0137    0.0298    0.0173    0.0076    0.0085
    1.7448    0.2294    0.2884    0.2020    0.0420    0.0620    0.1028    0.0230    0.0137    0.0298    0.0173    0.0076    0.0085


prechody_ppst =

         0    1.0000         0         0         0
         0    0.5000    0.5000         0         0
         0         0    0.5000    0.5000         0
         0         0         0    0.5000    0.5000
         0         0         0         0         0

---------------------------------------------------------------

ppst_log_alfa =

   -3.9245

---------------------------------------------------------------
1. reestimace

new_means =

    2.1735    0.2103   -0.9870   -0.5647   -0.2692   -0.0918   -0.4494   -0.1571   -0.3742   -0.4140   -0.1305   -0.0067   -0.0810
    1.7404    0.5413   -0.5661   -0.8588   -0.3743   -0.1916   -0.2840   -0.0915   -0.2675   -0.2437   -0.1200   -0.0469   -0.0281
    0.5908    0.9592   -0.1814   -1.1758   -0.2304    0.0051   -0.0968   -0.1470   -0.2660   -0.1417   -0.0819   -0.0632   -0.0641


new_variances =

    0.6241    0.1194    0.2199    0.0964    0.0427    0.0682    0.0820    0.0273    0.0146    0.0200    0.0111    0.0071    0.0051
    0.7702    0.0906    0.1623    0.2158    0.0237    0.0275    0.1156    0.0172    0.0103    0.0235    0.0216    0.0050    0.0056
    2.3436    0.1755    0.1320    0.0888    0.0447    0.0653    0.0390    0.0198    0.0073    0.0054    0.0163    0.0084    0.0125


prechody_ppst =

         0    1.0000         0         0         0
         0    0.9091    0.0909         0         0
         0         0    0.9091    0.0909         0
         0         0         0    0.9091    0.0909
         0         0         0         0         0

---------------------------------------------------------------

ppst_log_alfa =

  129.5145

---------------------------------------------------------------
2. reestimace

new_means =

    2.5521    0.0425   -1.2725   -0.5635   -0.1644   -0.0037   -0.4059   -0.2094   -0.4576   -0.5040   -0.1136    0.0325   -0.1039
    1.8252    0.4997   -0.5691   -0.7284   -0.4378   -0.2563   -0.3521   -0.0776   -0.2372   -0.2358   -0.1638   -0.0742   -0.0248
    0.1889    1.1005   -0.0238   -1.3079   -0.1891    0.0642   -0.0654   -0.1450   -0.2678   -0.1155   -0.0341   -0.0477   -0.0663


new_variances =

    0.1656    0.0847    0.0541    0.0059    0.0218    0.0685    0.0223    0.0220    0.0036    0.0016    0.0033    0.0041    0.0025
    0.5888    0.0148    0.0770    0.2195    0.0185    0.0134    0.1644    0.0193    0.0048    0.0147    0.0221    0.0028    0.0051
    1.7170    0.1110    0.0474    0.0213    0.0336    0.0501    0.0056    0.0174    0.0063    0.0010    0.0104    0.0105    0.0139


prechody_ppst =

         0    1.0000         0         0         0
         0    0.8805    0.1195         0         0
         0         0    0.9305    0.0695         0
         0         0         0    0.9024    0.0976
         0         0         0         0         0

---------------------------------------------------------------

ppst_log_alfa =

  218.2788

---------------------------------------------------------------
3. reestimace

new_means =

    2.6561   -0.0145   -1.3237   -0.5700   -0.1581    0.0527   -0.4194   -0.2281   -0.4682   -0.5096   -0.1101    0.0473   -0.1129
    1.8195    0.5021   -0.5882   -0.7070   -0.4268   -0.2743   -0.3483   -0.0734   -0.2437   -0.2487   -0.1660   -0.0768   -0.0243
    0.1978    1.0961   -0.0194   -1.3142   -0.1920    0.0643   -0.0688   -0.1466   -0.2670   -0.1149   -0.0312   -0.0470   -0.0661


new_variances =

    0.0497    0.0591    0.0247    0.0050    0.0233    0.0420    0.0190    0.0205    0.0026    0.0014    0.0031    0.0020    0.0018
    0.5760    0.0142    0.0761    0.2042    0.0203    0.0165    0.1598    0.0186    0.0054    0.0161    0.0204    0.0029    0.0050
    1.6901    0.1109    0.0428    0.0218    0.0336    0.0487    0.0057    0.0169    0.0062    0.0010    0.0106    0.0103    0.0137


prechody_ppst =

         0    1.0000         0         0         0
         0    0.8680    0.1320         0         0
         0         0    0.9336    0.0664         0
         0         0         0    0.9036    0.0964
         0         0         0         0         0

---------------------------------------------------------------

ppst_log_alfa =

  230.8837

---------------------------------------------------------------
4. reestimace

new_means =

    2.7023   -0.0675   -1.3416   -0.5674   -0.1559    0.0979   -0.4487   -0.2450   -0.4735   -0.5152   -0.1012    0.0551   -0.1234
    1.8291    0.5062   -0.6093   -0.6981   -0.4187   -0.2836   -0.3392   -0.0716   -0.2499   -0.2567   -0.1697   -0.0757   -0.0227
    0.2159    1.0908   -0.0226   -1.3150   -0.1932    0.0622   -0.0696   -0.1456   -0.2664   -0.1150   -0.0302   -0.0474   -0.0658


new_variances =

    0.0256    0.0270    0.0225    0.0053    0.0252    0.0185    0.0092    0.0184    0.0025    0.0011    0.0023    0.0013    0.0005
    0.5613    0.0143    0.0827    0.1950    0.0217    0.0176    0.1577    0.0181    0.0061    0.0168    0.0195    0.0028    0.0049
    1.7024    0.1123    0.0434    0.0217    0.0334    0.0486    0.0057    0.0168    0.0062    0.0010    0.0105    0.0102    0.0135


prechody_ppst =

         0    1.0000         0         0         0
         0    0.8571    0.1429         0         0
         0         0    0.9355    0.0645         0
         0         0         0    0.9047    0.0953
         0         0         0         0         0

---------------------------------------------------------------

ppst_log_alfa =

  238.1458

---------------------------------------------------------------
5. reestimace

new_means =

    2.7023   -0.0675   -1.3416   -0.5674   -0.1559    0.0979   -0.4487   -0.2450   -0.4735   -0.5152   -0.1012    0.0551   -0.1234
    1.8252    0.5043   -0.6131   -0.6859   -0.4218   -0.2860   -0.3442   -0.0731   -0.2503   -0.2594   -0.1741   -0.0753   -0.0225
    0.2678    1.0766   -0.0341   -1.3144   -0.1954    0.0556   -0.0703   -0.1413   -0.2653   -0.1152   -0.0279   -0.0488   -0.0649


new_variances =

    0.0256    0.0270    0.0225    0.0053    0.0252    0.0185    0.0092    0.0184    0.0025    0.0011    0.0023    0.0013    0.0005
    0.5719    0.0143    0.0836    0.1915    0.0215    0.0177    0.1597    0.0183    0.0062    0.0168    0.0189    0.0028    0.0050
    1.7447    0.1159    0.0468    0.0212    0.0328    0.0487    0.0056    0.0170    0.0061    0.0009    0.0104    0.0100    0.0132


prechody_ppst =

         0    1.0000         0         0         0
         0    0.8571    0.1429         0         0
         0         0    0.9342    0.0658         0
         0         0         0    0.9074    0.0926
         0         0         0         0         0

---------------------------------------------------------------

ppst_log_alfa =

  238.5449

---------------------------------------------------------------
6. reestimace

